99264478406: 992 644 774 2 2 984
2943071040: 5 98 940 99 767 8 420
40100695446: 13 44 75 9 2 7 7 5 438 7
231466628: 547 591 716 39 257
136036211352: 8 9 80 2 92 6 64 11 352
8492543459938: 849 2 543 459 937
13274842: 1 951 17 821 973 762
1885028345241: 96 935 93 6 697 45 3 7
1468889: 4 2 1 474 2 1 6 627 3 5
61750: 3 3 1 736 12
2931228010: 630 7 857 436 5 9 10
243: 8 33 6
36865: 3 6 860 5 3
659267425: 93 18 1 7 75 8 6 7 3 7 4 2
127371280: 39 6 2 3 170 5 4 22 1 8 3
44550: 6 84 99 5
50957095688: 70 7 4 2 7 921 95 8 9 1
42884784: 1 595 622 9 8
28030320798: 6 2 1 977 9 20 4 1 3 7 9 5
7819860: 4 36 96 1 1 40 564
4241634: 5 269 24 645 5 16 93
29124036: 9 6 8 1 6 8 64 6 5 53 78 9
341557764: 9 5 5 646 2 19 581 56 7
828: 95 454 255 2 22
8871: 4 14 472 1 2 8
158785: 158 72 1 6 8
4289456889: 13 2 2 83 38 21 1 8 1 6
1103348544: 27 1 88 1 26 6 57 302
110221182876: 7 6 9 5 8 882 8 95 4 609
930952: 2 45 683 29 23
8149248: 4 1 26 9 101 7 8 8 1 4 8 9
554985194: 6 88 5 73 8 224 968
330999480051: 2 1 1 8 2 47 8 642 729 3
674993093: 266 89 99 2 9 8 2 5
1538904314487: 45 8 6 7 303 9 2 6 17 5 4
7849719261: 5 3 81 2 68 6 82 73 1 62
127377474: 682 47 91 24 72 8 83 5
67472505: 921 9 814 4 8
1434233088: 8 9 8 8 4 2 326 32 27 38
1833737: 7 5 222 4 13 3 7 92 269
3212241: 40 8 784 6 430 1 2 6 5
26644574: 56 4 389 2 9 62 5 6 66
4068158990: 2 9 4 6 5 697 838
18473082280: 65 49 58 814 8 81
5829325: 7 18 318 239 91 9 6 7 5
399: 5 8 2 5 17 75 97
397105: 449 1 4 5 4 4 11 5 4 1
123237: 45 159 6 1 9 8 712 6 5 7
983469: 2 825 596 9 60
21922903891827: 414 265 7 7 6 5 1 9 2 27
3349674: 9 52 8 9 87 62
74004676111: 7 62 97 90 67 611 3
6476010005: 84 8 8 308 7 5 139 40 7
278712: 309 20 9 5 15 8 9
3803: 26 9 4 2 45 293
91666383: 458 328 69 2 648
1504680190: 8 57 2 505 4 4 630 13
232350072: 559 6 1 6 692
4061038: 9 759 9 384 53 6 4
30315690616: 96 7 57 43 7 3 55 1 4 94
174459705: 5 62 1 318 7 4 57 9 6 7
698854: 268 998 2 276 22
23634778833: 63 915 8 41 834
305284: 5 9 5 8 8 794 9 2 83 7 4 1
68657: 546 80 6 54 56
325080470: 73 8 7 797 515 4 9 74
5634117219: 807 1 698 559 2 19
713880: 9 42 5 5 60 8 45 8
79153465: 4 68 291 472 993
1112747487: 3 19 75 50 348 5 78 1 1
317408907: 34 88 91 90 4
218530224: 5 8 5 7 816 3 116 9 9 44
659214: 516 4 319 17 737 44
1801742: 745 42 883 1 56
127764: 61 287 3 4 91
39566356292: 407 9 97 562 92
678679247: 5 9 3 71 3 6 9 323 4 9 4 7
56997918624: 8 7 9 885 94 17 64 98 2
1053306984885: 2 4 7 9 3 6 341 9 84 88 7
67866: 92 7 31 58 9 6
71359: 71 345 1 9 4
123951084: 4 9 2 441 52 8 3 8 2 95 4
32878001008: 474 5 4 8 5 3 9 33 287 7
5468048: 8 7 8 7 3 698 7 563 4 8
749: 9 5 3 9 371
10464018700: 4 693 1 1 5 3 5 18 700
92697387347: 5 8 262 2 93 1 61 41 5
1420: 18 7 9 67 7 6
14360544: 990 450 554 42 6 18
2532: 8 7 9 35 4 3 4
395066: 65 9 8 2 40 864 3 63 56
2422925: 68 43 258 2 656 975
9737280566: 21 7 8 92 90 566
1503929: 6 834 80 3 782 9 35 3
1554007: 9 363 58 72 535
3364: 84 4 4
14391316: 9 638 8 7 7 6 3 7 143 17
5182261: 847 5 2 6 57 781 477
22696: 8 8 8 957 87 9 3 2 6 3 7 2
245765601991: 6 4 602 3 9 9 9 3 7 1 92
450597579432: 7 13 532 8 2 2 879 9 8 7
9943151: 6 10 3 61 151
4289: 3 945 57 4 269
819005: 644 2 1 168 4 52 4 481
4360537788: 871 53 57 692 63 7 5
35692816: 1 87 507 8 13
8788928203691: 928 246 7 873 8 4 63
6471: 1 9 11 7 84 6 4
8267833: 3 25 1 6 9 31 6 3 16 8 1 6
475187136: 7 423 7 8 6 17 1 68 8 8
1396: 4 8 14 504 26 820
2183971840: 821 9 312 140 256
6226: 2 73 544 1 35
3229: 3 720 528 541
1560495: 13 2 5 9 54 5 950
3373: 2 534 6 568 263
1161681268: 726 8 2 6 2 8 11 2 51 9 9
47820659: 882 3 271 5 4
3975674943: 9 7 428 6 9 81 6 6 2 2 34
82706952: 9 54 5 115 17
15280317711057: 9 671 89 6 9 937 5 54
5460436860: 722 28 756 15 45
6447107675: 8 8 4 565 287 6 785 8 4
25127120: 4 2 5 2 2 4 257 4 542 38
65653: 6 556 8 81 2
93177: 3 9 4 8 369 1 9 1 897 1 7
92551: 36 6 7 415 6
1003110253706: 4 4 5 77 8 8 4 3 5 8 407
67337797107: 4 908 28 7 515 6 145 7
6774678492751: 93 8 8 74 20 54 75 90
117082131308: 7 6 4 67 966 2 9 8 18 2 5
3049358: 304 93 57
443234: 346 5 1 524 96 456
18200: 446 9 40
7177602: 52 138 9 37 7 658
22616043: 85 4 94 9 92 8 6 5
1340878098: 5 164 520 87 809 2 6
148595583912: 2 9 4 8 203 7 8 804
301957: 54 9 57 7 3 4 1 312
5329843437: 81 26 7 937 34
2323397284: 534 9 457 2 49 321 4
42524: 38 80 99 8 27 7
7769883: 307 11 253
365468256: 2 24 1 9 248 747
8095: 7 16 75 1 8 122 5 5 1
589365: 918 3 1 6 5 9 9 7 805 9
8379: 2 5 1 8 9 9 9 1 6 248 61 7
614: 4 84 3 59 70
58988: 3 291 56 38 61
33988631: 66 4 4 741 1 148 715 1
167493128: 386 5 904 96 8
453818439: 458 15 5 11 222 7 9 9
708696087: 26 151 1 1 740 4 80 8
7617762742: 2 71 5 2 69 8 1 355 15 2
8398077252: 927 37 6 387 39 3
294338026885: 10 9 845 9 6 3 9 4 2 5 8 7
8568715589: 7 78 687 121 3 31 8 9
74843997: 25 3 405 1 16 154
19957328: 414 10 482 252 8
75438: 3 51 70 626 4 41
6108828: 830 8 4 23 2 6
135783: 93 26 22 321 3
13042: 6 3 47 97 361 2
13666649464: 4 88 5 5 523 3 7 565 62
7192826701: 719 166 116 666 4 4
81359252968: 812 8 7 925 296 8
112999912772: 386 986 292 76 9
1488251: 451 17 53 6 1 11
434952: 5 1 548 4 11 2 3 29 3 4
13043: 9 95 76 14 9
128040736060: 97 94 85 71 490 94
278569016: 3 94 6 3 2 695 2 9 9 2 9 8
11349864418: 6 83 1 9 94 227 6 1 6
4454: 4 413 7 15 4 7 7 10
10454574: 23 555 63 3 13
13752215: 275 5 216 5 5
4388080: 7 87 109 97 66 526 6
9076424166: 2 4 4 6 4 366 9 2 6 801
108166753: 97 9 341 4 5 324
1335498618: 683 2 795 618 616
779043: 656 13 6 762 4 5 8 3 9
1696918: 4 4 8 96 918
477945: 795 69 1 88 6
7014722: 178 197 7 2 1 25
11512495: 981 5 3 93 35 76 4 7 8 1
1733407572: 4 3 29 991 2 9 8 79 1 6
5520001536: 7 87 281 1 1 7 64 3 2 3 4
1704014619: 894 7 62 372 2 82 7
9995690871: 406 2 882 9 279
226584: 6 2 1 991 5 28 87 3 9 8
465649: 4 9 429 640 9
6360: 3 9 29 50 60
12470: 5 5 4 210 79
69286: 680 7 4 42 54 90
2487745241: 2 48 29 1 6 41 4 5 2 4 1
2335102: 405 4 96 1 6
429333: 429 21 7 55 59
1360335: 1 3 60 335
3056400: 114 9 318 9 4 2 849
9504559085: 61 566 332 465 7
76811612595: 4 80 6 4 31 85 1 2 595
74072: 4 9 38 15 5
60112: 9 89 61 1 334
1960099: 49 91 70 50 2
4865943: 983 4 986 7 5
233215290: 397 6 4 2 1 3 33 6 365
15320515: 8 5 383 477 38
1161431: 3 5 38 64 52 562 31
12775852499: 8 2 5 3 7 594 86 3 1 4 6 2
505281551: 21 3 8 9 3 185 5 625 5 4
518: 2 56 8 16 38
4038962686: 4 865 1 46 94 4 16 48
18582489633161: 3 3 832 189 963 3 1 63
566429: 7 49 64 25 2
44580503: 4 5 2 63 6 12 2 217 6 8 9
697604619: 637 8 8 8 4 6 4 16 1 8 9 3
7452250: 836 8 686 78 251
249570: 8 57 75 94 5
3935: 1 8 5 5 3 70 817 6 3 8 36
16959463031868: 8 126 2 583 841 186 7
1032: 69 93 93 3 4
11710716: 3 8 7 69 7 93 4 22 30 1
5565: 1 792 3 7
2865771597: 1 94 8 64 89 662 77
445879510: 3 41 6 8 7 9 2 7 9 4 1 410
26733: 33 406 59 16 816
282416: 1 6 766 157 8 38
886561465: 738 791 8 81 1 6 15 5 6
621775: 39 7 5 6 50 7 1 1 9 3 691
51046476: 32 662 598 123
236998438: 87 69 6 329 20
42242703870: 446 5 36 60 361 946 4
85178494: 1 8 86 333 6 638 1 2 96
31209: 8 3 3 73 1 2 1 4 753 3 6
89164954: 9 409 4 7 7 11 3 4 9 54
6514280: 8 5 112 8 85 2 3 5 813 3
86745899: 8 8 28 8 9 9 74 63
1435094135: 6 36 31 2 7 5 4 2 52 518
6378242543: 3 2 9 1 8 44 6 1 2 543
11131750456: 398 230 4 5 608 5 2 5 8
8282698: 6 9 3 3 398 625 169 2 8
531377: 72 46 5 42 9
159584946864: 568 8 52 12 1 6 5 8 888
90109404004: 197 33 40 225 2 7 44 5
21077555049: 21 450 533 67 447
7958: 12 8 2 44 6
306144603: 637 7 65 5 31 2 6 3 4 3
457093: 49 32 5 51 11 7 91
1396549178334: 399 7 5 490 1 78 334
5958847: 1 9 14 7 1 4 2 9 30 6 69 1
13427114121: 7 89 2 7 9 9 92 3 523 27
6002747: 307 65 177 2 97
196104: 8 1 9 192 37 753 2 2 3
45691714953216: 3 8 5 3 821 4 563 8 4 3 8
22776: 29 2 7 73 59 858 86
11120781943: 5 8 78 7 234 95 889 4 4
26827: 3 258 74 92 555 8
198539: 98 992 2 547 3 5
587694: 3 9 3 1 3 3 57 32 5 12 3
926159: 11 7 4 97 31
11474947: 23 9 26 2 8 9 945 3 6 8 8
5601789: 118 6 879 89 9
1597626094: 6 1 5 392 48 627
54759347484: 547 5 934 74 84
25439040: 1 98 55 64 73
29244886: 3 5 15 832 2 78 6
2026324026158: 97 100 9 373 6 8 7 5 58
2256: 2 18 12 9 50 4 200 2
567584519: 7 563 2 72 7 797 77 42
17860756564: 7 3 5 9 9 2 2 63 5 2 3 4
212055356: 4 922 229 403 941 9
6252683: 3 290 44 485 63
1441041579: 8 3 7 70 7 317 59 76 26
1323993: 38 7 1 7 967 78 5 989 4
35405: 1 1 77 200 5
28976: 6 15 86 5 4 4
62397905: 8 4 82 40 8 9 6 6 75 89 7
9815520: 4 4 71 90 5 16 6
282034358496: 848 6 5 36 82 8 114 96
1792063: 468 5 507 79 7 611
21524: 32 39 3 2 178 66 8
4434190: 9 5 4 581 8
71442832127: 283 5 9 294 28 3 86 24
668031: 2 7 54 692 4 5 951 7 1
7058174: 2 4 9 69 1 3 3 3 776 59 4
6841: 7 93 4 249 2
68230285476: 965 9 71 8 3 510 7 909
184274052: 768 774 155 5 55 6 2
517562490: 68 2 8 758 90
154392: 3 51 9 757 24 7
3072247: 7 31 3 18 9 9 6 534 68 5
699306317: 7 30 945 2 52 5 6 1 6
24288: 18 24 434 50 488
12895390257: 356 178 55 61 37
305201845: 2 1 350 6 461 5 8 2 6 9
13012745: 90 490 5 6 295
6373025: 8 2 2 59 113 9 8
1593081: 32 7 79 9 6 273 1 76 85
113551690263372: 876 1 7 9 404 6 4 27 9 4
9150642: 8 43 9 4 4 2 6 3 272 2 1 6
7635946: 971 1 983 2 4 1 1
4258: 3 3 17 5 9 3 219 6 7 2 1 7
129522142: 29 10 6 1 445
30686280: 9 22 49 100 1 46 248 5
369167400: 6 8 90 830 353
4759079: 3 136 9 9 9 2 7 2 1 9 4 71
291084067933: 808 5 9 7 53 4 6 79 29 6
4298506708: 429 849 7 9 711
377995800: 2 805 91 5 516
363895954: 4 63 4 34 5 68 89 5 955
508338325: 18 7 29 43 93 30 1 1 7 8
215: 4 81 113 8 2 7
249803695: 7 8 408 8 6 77 917 52 9
2541274494607: 9 108 5 6 6 4 4 93 5 7 1
276535: 513 7 77 28
232503266: 25 3 985 8 9 74 5 38 67
425124: 51 2 47 86 76 1 49
175419194: 57 191 6 62 751 2 51
340634: 7 83 3 60 58
426236880: 25 507 7 96 1 8 2
19405: 1 5 5 37 2 333 50 305
617764815: 792 78 481 5
1180460249: 8 1 4 1 9 5 21 682 2 9 8 9
231237933: 6 868 1 74 22 433 2 3
2161236: 8 9 876 7 5 5 1 514 44 1
848360: 91 57 8 6 1 826 2 87 5 4
6189536739: 61 894 3 7 2 9 7 3 3 8 6 1
54: 37 4 4 8 1
56121659564: 3 29 474 37 59 564
21728: 18 660 4 4 8
229034: 7 678 3 6 8 6 6 3 7 7 771
24059552338: 59 739 6 711 97 8 586
11521: 11 94 6 898 275
2668032: 342 150 81 127 54
582952: 52 8 198 901 7 6 32 31
8085217: 1 6 394 290 1 4 1 17
719823: 74 634 1 4 6 822
138260: 1 21 627 32 3
3204208: 114 8 67 8 7 7
175879424: 57 5 355 1 96 14 4 49
1382224624: 4 4 2 830 98 93 8 8 118
7443464160: 63 123 44 536 5
141539: 540 728 146 4 5 93
7783: 3 4 8 35 83
9554823: 35 4 1 682 5
147967968366: 9 5 6 4 3 9 398 4 1 78 5 2
56418844: 64 112 3 88 19
1870056: 45 2 2 2 7 6 56 50 5 39 8
170337285: 803 900 326 46 85
48140812544: 253 879 725 85 5 44
292898224: 1 4 51 90 8 902 748 38
2239005590: 7 7 9 98 6 3 436 853 7 7
20978155: 2 943 53 87 7 4 58
5899934: 1 2 5 56 616 9 915 2 4 4
5976180: 22 68 31 6 357
10883973393: 225 98 416 2 9 377 9
909864971: 6 8 8 1 2 288 8 7 5 9 9 71
18453600: 7 679 9 4 11 30 80
6567022617: 656 70 225 7 4 7
94335: 32 2 8 6 339 9 3 75 1 6
24159087: 957 3 443 5 9 6 1 27
2082492: 208 17 7 83 9
20925788924: 1 74 58 8 9 754 6 892 4
14627887: 8 7 87 12 384 3 7
3808594323: 63 5 56 565 29 320 3
77563305: 3 81 325 68 90 73 306
443184790: 1 24 4 9 356 40 350
5165316: 5 27 98 7 17
826669080: 657 64 2 84 545 18 2
1086798272: 8 431 99 75 660 9 3 2
136236: 9 81 3 4 9 7 2 62 13 81
51066200: 668 2 606 6 55 5 8
37356776: 2 275 7 114 169 1
31025148: 5 441 7 67 3 5 651 142
2611: 4 9 6 9 600 2 7
10083555: 60 68 85 807 3 8 82
1884654: 3 8 6 5 1 7 5 891 9 9 306
2025019412: 67 29 1 3 63 125 69 11
12643779: 486 542 6 8 3
79911: 64 4 730 75 36
302603501: 8 7 5 619 51 88 75 98 3
51307224: 504 5 8 7 40 9 5 9 8 4 1 3
192627227: 23 7 8 810 89 22 304 4
4013279: 89 294 92 9 4 349 23 9
65897: 5 24 549 6 8
9183: 834 3 304 85 7 3 489
20131232: 9 58 63 3 7 2
45428: 310 35 3 206 82
248478242497: 814 9 1 3 878 66 526 4
53631: 59 21 2 36 9
157364079: 6 8 73 4 2 9 5 20 4 1 8 1
4197118: 5 26 846 2 8 7 25 2 862
6628441: 76 872 7 5 41
380988493: 8 5 293 8 8 493
485932944: 8 801 88 824 6
14162: 72 66 3 5 9
662963837: 4 10 8 508 63 8 59 837
257880: 1 33 7 98 934 5 95 2 5 8
45194520121: 614 597 60 622 122
16632: 90 5 136 24 3
296528: 40 4 7 137 27
188136: 797 386 159 32 7
86800: 2 21 9 4 5 5 5 1 991 4 8 8
42682: 7 1 6 12 6 64
155690825894: 531 9 5 49 4 2 39 746
868812: 60 2 8 9 5 63 8 8 20 252
35974: 64 6 5 1 21 10 64 4 1 7
728: 47 34 1 8 1 8 8
23619914: 2 35 1 19 917
137879973: 9 301 77 1 661
33118070: 3 5 2 59 788 7 79 6
45261126: 1 285 5 3 7 7 1 5 5 3 2 93
39883: 87 8 30 428 1 6 4 9 7 9
99369216: 8 22 89 7 6 472 3 43
31774045: 786 63 93 85 337
43608667105: 1 2 476 22 99 6 1 2 2 91
1324: 368 4 2 952
234: 1 2 2 5 7 3 1
196204032045: 996 95 480 3 96 3 9 5
3006966: 68 6 1 8 67 6 7
5825243463: 5 8 252 434 57 6
292842: 1 98 656 29 374
14677930: 9 18 7 813 9 59 1 6 9 6 7
766041327: 957 550 2 3 32 4
411079725655: 801 288 37 513 652
338752551: 345 1 837 79 551
84570: 54 8 296 76 92
1493123: 727 31 85 66 8 5 50 8
65750786373: 6 5 750 779 6 479 897
149940318: 65 5 714 106 3
21256468876: 80 794 3 5 70 5 956 76
1145351: 996 894 606 9 3
5433126: 8 18 49 770 3 3
225: 78 25 30 85 7
15929959: 840 752 996 2
2016839: 1 94 8 3 676 6 32 308
257224: 85 9 7 4 3 4 6 8 2 2 76 4
749: 5 74 3 286 90
10435: 4 3 91 7 4 6 4 2 9 1 8 794
48414564: 931 65 491 99
497782884: 5 46 428 27 2 9 4 2 8 3
783992315: 6 847 18 9 920 3 13 2
477406216: 477 406 219
11041480: 1 551 643 2 4 8 577 5 3
145108: 6 6 4 322 2 5 15 77 733
172776: 3 5 2 719 3 5 2 213 1 4
32460071: 6 8 4 526 3 59 6 3 8 2 5 2
950323: 370 8 6 94 472 321
308374803: 17 25 98 8 1 9 737
74293495: 6 88 926 86 5 4 2 437 2
288519517440: 2 559 304 53 38 6 20 7
473519088: 398 7 9 59 573 3 732
3489778: 520 4 79 4 7 2 8 8 3 1 4 4
542682: 54 235 1 6 325
20212: 43 2 5 67 6 112
16718241: 4 5 5 3 90 9 3 9 7 4 3 3
303850554: 9 8 62 9 97 5 9 5 4
868855506: 6 86 6 3 4 3 7 92 4 1 505
77594401: 9 820 78 150 8
5417996: 2 758 66 4 9 9 6 1 8 6 4 2
30375: 9 21 3 67 8
760605336747: 92 85 79 473 450 115
530543024: 13 2 7 73 2 5 586 6 22 1
19915524720: 26 519 6 70 502 7
103790376: 6 955 9 4 73 2 3 1 1 2 9 5
440824927: 2 290 797 759 4
25207: 3 7 4 12 3 84
138: 44 9 55 30 1 1
1078432: 83 183 71 8 2 3
166: 5 4 39 19 99
7075218: 568 2 692 9 209
1818: 44 62 5 1 292 996
42145458: 3 14 5 7 2 1 7 20 4 1 9
6802: 670 8 94
3156025528: 315 5 6 8 7 26 9 6 43 9 7
4383504: 9 2 533 38 7 957
3103: 58 241 9 28 384
1754910: 44 480 3 370 9
200827: 19 976 9 67 992
151471: 61 2 6 3 206 61
3560436481238: 9 9 4 810 6 53 38 6 85 9
73750698218: 9 9 66 310 57 74
164082626: 245 1 667 624
7253899: 3 257 79 6 6 7 79 3 34 6
1065517: 3 5 172 9 6 7 841 8 5 8
38100710: 4 2 8 762 710
756459: 54 788 6 892 43
46745101: 29 30 3 995 18
66715: 3 211 47 952 55
434: 3 4 7 13 385 5 1 1 9 2
40252: 76 529 7 41 1
47540551: 9 508 5 54 9
13841868777: 5 3 4 12 97 6 2 171 5 9 3
598260: 75 7 72 466 795
285159974: 18 267 159 9 75
29805: 11 9 30 52 909 5
1204: 2 5 12 4
77414: 75 1 7 16 15
13800994: 600 23 917 69 8
1995: 3 9 360 5
39291: 54 79 3 132 74
5644: 337 90 59 78 1
872: 5 47 2 8 28 4 4 724
4891: 34 5 5 571 867
32269798: 7 315 697 93 5
82880052: 36 4 9 1 9 2 4 5 227 81
319: 8 34 46 1
1498: 3 7 67 45 47
16137: 3 16 8 59 5
27214704226: 2 4 56 12 6 66 747 2 2 6
7265369: 2 7 7 1 3 40 688 4 9 7 73
1937154: 32 279 9 6 360
462435615: 660 54 7 55 68 7 2
1512411: 2 1 6 7 408
390276620: 83 5 7 5 4 2 64 3 5 6 6 18
19403520: 64 3 6 84 4 2 4 93
205202: 2 910 56 897 74
691: 8 6 1 9 10 21 23 10 4 53
15346584: 6 2 303 82 6 594
3235464: 4 2 6 3 41 601 325 9 4
3230858772: 4 6 8 187 2 9 13 4 75
4303058: 5 8 6 63 36 239 8 73
33611570: 3 863 87 34 67
174948: 727 239 672 9 514
22978: 1 5 1 8 174 7 1 2 67 9 6
1567182355520: 9 7 280 9 649 8 6 53 2
678554: 8 2 5 43 5 25 6 998 306
16265: 922 730 840 761 5
871257516227: 330 1 6 237 5 269 69 2
2616925: 5 22 527 853 5 5
2821756921: 4 9 7 42 7 8 11 5 3 3 8 18
4284: 687 6 4 98 1 6 54
984792: 984 398 8 388
1941412: 8 6 3 427 64 9 4 6 1 12 4
136249092: 2 18 615 1 93 3 749
321895236: 8 484 3 41 822 37
385: 35 276 6 2 24 10 32
8748: 882 62 28 9
410742307: 853 3 24 6 77 8 8 5 50 9
2151689: 18 87 19 60 25 486
804058: 2 74 2 7 271 1
242319597: 3 9 11 553 2 89 94
24357024: 718 352 8 975 96
2942678564: 7 672 43 7 892
86866: 673 91 8 80 16 58 8
86956594: 564 9 13 6 592 2 7 77
147275: 2 6 1 6 545 5 94 2 29
29777552420: 992 56 3 7 524 20
115736551: 98 35 46 394 686 6 8 7
37669785: 77 7 7 59 640 25
22569287: 3 1 91 80 12 76 8
501974: 1 9 4 34 4 15 6 943 23 6
1647141742: 3 437 698 6 2 9 7 4 7 8 2
730710: 3 51 2 753 690
1402559: 3 30 425 5 9
100474601: 679 319 6 74 602
137569086: 8 2 5 9 5 62 950 89 2 3
86096525579: 7 1 8 6 2 1 3 6 39 71 7 8
890257: 47 2 555 5 35 19 68 69
2044046: 379 9 176 2 8 67 6 4 9 3
11324158: 7 3 33 6 8 4 409 4 8 3 54
88197655: 88 2 679 1 5 738 7 3 3
43996817: 61 9 9 2 3 8 7 4 2 1 53 3
6048546: 4 1 6 418 53 38 6 66 7
20675265: 264 536 4 934 5 5 265
864: 3 6 3 9 8
39470560122: 94 63 1 993 4 42 7 35
180559932801: 68 810 95 8 5 656
204194690: 5 8 1 1 5 14 532 1 7 46 1
13408920: 39 8 5 5 952 9
54799044483: 3 9 681 6 23 7 8 4 120 6
135861561854: 369 8 1 8 178 86 7 3 4 4
3823756: 3 8 222 5 58 3 36 884
5968194: 777 256 5 51 6 528
378490: 54 7 40 2 88
1249777926: 656 52 258 357 142
59190483: 9 536 409 3 2
29215: 3 228 61 13
69312: 388 8 5 911 5 127 1 48
164527: 9 9 91 14 716
1215519759: 1 8 9 75 43 14 751 9
3585843150: 734 604 67 4 31 43 1 7
1084265499: 95 13 426 5 497
759303: 237 64 25 4 87 2 721
1103523: 85 641 38 4 3
38129448630: 3 88 923 153 2 7 7 632
23568573: 8 700 3 8 1 784 8 1 9 3
2169138: 44 6 34 5 3 424 2 375 1
286083255689: 3 7 19 690 9 36 17 217
586: 3 7 10 334 42
402441754: 331 360 82 5 75 9 4
59718: 4 845 4 7 9
24121: 25 961 96
16650: 5 33 169 7 8 34
4077364960: 750 3 587 8 9 7 7 2 7 31
81224766873: 446 843 282 63 873
58452: 7 4 503 1 9 227 3 6 3 4
2770572: 69 549 72 73
1685890: 1 16 2 4 53 461 1 3 7 6
28246: 5 9 465 8 5 157 7 288
17410: 95 640 130 3 2 83 24
691430704: 25 9 70 881 131 2 6 16
2202519459: 1 83 9 5 242 75 433 6 9
77239042499: 1 6 72 390 42 498
47137855: 4 713 251 534 5
81373043628: 137 441 778 761 52
166165512: 774 43 844 65 510
4661904: 4 7 9 3 1 15 964
3404742: 8 1 3 353 35 869
5825: 4 3 568 3 5 469 113 5 1
4896379: 79 1 68 4 2 9
7112344785: 895 4 491 345 753
1370896805: 31 4 810 9 43 17 316 9
1147868: 8 13 8 1 989 74 794
354263280: 990 6 71 2 30 7 4
1485575: 1 1 9 358 29 61 9 3 13
651094471: 169 54 751 95 2
5472: 54 6 2 3 6
8276486401: 7 16 2 7 7 1 8 7 1 8 130 1
4137845642: 9 6 3 6 6 5 1 2 5 307 8 42
774434955: 6 78 4 7 4 427 5 751
6594277951: 6 627 926 25 1 9 50 1
29488: 91 324 4
1705753356: 598 74 881 845 7 1 3
3739175: 5 801 5 644 111
21438: 58 4 92 92 2
285154359: 1 10 9 2 9 2 4 58 1 8 4
70479360: 30 40 48 7 69
690866: 6 312 342 254 63
4464: 86 2 3 67 2 96 23 16
543774: 937 438 395 620 29
3654717: 1 364 4 173 547
2554: 3 1 201 673 2
339947248: 6 1 331 898 7 10 23 4 4
14592152476: 4 80 2 76 5 45 336 4 76
63504826: 11 2 567 481 343
7253974: 8 1 9 6 7 595 6 267 9 7 4
2198151: 96 8 954 45 3
23086: 84 9 23 29 495
490380: 4 903 8 1 1
71344622687184: 539 22 7 42 8 457 517
515002: 9 2 496 95 5 49
313186: 8 2 205 318 581 27
1799417: 23 51 59 26 32
16045156: 68 1 8 4 3 165 7
7472995015: 22 57 7 331 4 76 15
573128: 93 50 4 346 780
215: 2 16 6 9 17
5894786370: 4 614 141 8 93 66 9 6 5
45473589: 46 922 47 21 51
8533: 74 5 9 53 9 5
1228096: 2 686 38 9 750 827 1
881566168: 8 8 357 68 5 7 36 4 4 8
87224: 78 2 5 34 2 15 7 2 5 65
898: 2 448 2
2479288: 1 1 9 65 593 670 621
6186327364: 432 451 1 5 9 7 105 2 7
1912792200: 788 44 5 56 9 985 15
180: 8 9 7
600: 74 26 6
147162: 39 2 783 4 908 83
291175256: 4 5 47 1 3 944 9 2 3 8 7 8
418810: 950 5 1 9 434
468875116861: 6 5 845 8 4 987 89 20 2
536874526: 7 9 9 836 61 316 6
3311200534934: 4 9 4 3 911 17 9 4 93 6
691565: 9 56 1 6 95 2 355 3 3 4 1
221023578957: 79 7 6 2 3 4 55 2 8 61 9 9
318636419: 318 63 55 9 19
539885: 7 12 60 643 95
8553616: 285 5 7 428 36
2741249886: 544 93 4 999 6 43 58
89167777: 7 607 6 62 338
78387: 7 71 353 34 1
86: 3 2 17
9018482322: 8 43 97 4 6 8 530 7 73 3
4938: 7 514 345 3 948 8 30 6
363405: 951 8 72 8 4 4 678 3 9 7
52528006782: 280 3 55 1 4 68 8 209
1176096768977: 497 2 64 77 48 9 77
50923183: 3 507 726 77 20
101886523: 233 192 683 13 27
15893386550: 934 8 992 52 1 68 1 17
944364960110: 8 4 767 7 9 8 44 7 5 1 1 3
202036: 9 5 28 2 250 85 6 70 6
6536475: 426 95 34 41 9 9
3426: 2 1 2 9 6 3 2 434 5 1 5 51
755055568080: 3 73 701 990 69 24 3
1085213878: 9 9 9 4 33 4 3 9 47 6 3 1
1802836567: 7 4 5 6 180 3 2 2 110 4 5
413352: 1 43 5 369 99 51 7 2
60729144: 4 759 454 2 5 6 4
52283660: 217 84 5 3 42 4 8 4 715
32581: 9 9 181 1
15118: 5 3 119
15728327: 3 9 8 7 2 2 9 4 18 1
84682754: 443 751 7 8 753 6 7 1
314156893092: 4 9 9 6 4 42 1 4 9 218 6 9
19960559: 4 5 415 53 4 4 10 600
882632: 744 43 95 623 9
165725: 3 48 92 72 1 3 7
20387985: 66 6 807 565 7 984
79090000: 9 9 439 68 590 220 2 5
1408511278: 75 765 20 508 33
34910729285: 8 31 20 782 42 4 80 5
5656: 56 5 6
122629631: 3 7 6 2 588 2 9 42 97 67
46393506163: 25 1 8 2 7 9 2 6 9 393 1
31353520627: 764 7 20 41 627
169578: 70 97 1 877 4 692 5
24867038: 77 44 319 71 796
27282: 4 70 5 6 4 73 6
40384: 3 72 10 475 9
770176: 9 9 1 764 815
30874442634: 9 3 9 647 2 8 3 3 1 9 526
520247740: 8 65 246 1 7 41
175203510: 8 93 9 4 7 1 4 7 4 727 3 1
4208400: 7 15 6 5 68 2 2 2 1 840 6
32112303578: 2 9 4 2 6 7 5 56 333 8 8 3
386657724: 495 704 78 860 3
60798496056: 4 48 409 6 984 960 53
9689: 898 6 5 9 631 58
13465872: 44 683 2 10 126 73
6670531506: 66 420 1 285 31 507
7530690180: 888 90 11 7 90 17 7
235296: 89 9 1 27 57 1 6 86
449280023542: 8 6 954 9 120 4 2 3 5 42
1568: 49 16 2 64 852
952506: 4 5 5 1 363 62
54443282: 6 48 443 28 2
4057405: 37 368 733 4 71
146968585: 3 81 99 8 9 841 97 2 5
3764390943: 956 2 8 8 82 3 7 5 468
18499: 68 63 91 80 739
898393803: 2 4 10 3 18 8 31 184 2 1
1677792: 5 60 1 3 30 6 168 5 4 6 4
1479700: 1 1 9 2 6 86 8 64 340 5 4
2529890: 5 208 38 64 610
60724: 33 92 2 4
111271709255: 61 3 33 39 9 6 38 61 7 3
281328723: 42 18 260 12 31
330: 70 2 9 4 6
113699319: 687 6 2 479 6 91 82 89
178497713: 8 89 92 83 3 60 2 390
1375632: 7 28 839 3 19 157 1
1987654144: 2 9 7 25 9 8 6 5 9 8 7 544
10558786: 140 7 7 1 63 4 8 742 44
6502449765: 8 151 40 5 5 799 3 433
977968340040: 3 7 7 30 26 8 9 5 4 9 69 8
3185: 22 9 88
2999300: 3 260 92 1 2 3 7 89
953044: 59 893 1 64 880
6245329184: 754 6 251 9 6 5 8 9 185
8842560: 175 8 1 4 5 7 4 3 366 4 8
1847269296846: 36 513 4 692 968 36 7
1981567272: 8 3 9 5 5 6 3 5 2 8 909 8
201939: 3 5 7 960 20 7 20 2 1 18
195364052: 49 4 25 511 7 85 1 4 7 2
4244: 74 57 7 5 14
1274961652: 79 5 3 4 4 248 2 33 5 2
42670197: 69 89 27 97 4 42 56
97086395: 20 144 9 337 6 2
15103: 3 57 2 90 99 55
55475: 714 8 2 91 68 55
715446: 8 741 58 6 88 5
2398638: 23 97 721 27 890
258570: 7 17 4 94 765
3689452831: 18 66 48 647 31
300097057: 580 4 533 32 964 1
636925223: 2 43 62 5 55 3 73 223
1464007: 3 85 8 99 551
222978467823: 371 9 53 9 333 5 81 14
13545672: 53 6 9 5 6 215 839 7 5 5
3471575: 588 984 3 6 5
76865484: 1 22 63 544 5 39
29131007: 4 7 758 372 249 761
57949915: 5 7 873 76 915
312956345: 6 61 467 6 5 7 5 4 7 550
163367: 4 5 72 4 1 20 8 665 63 8
64474080: 7 66 368 5 3 5 8 5 2 32
14626461: 7 889 45 782 956 41
1719608953: 693 54 58 6 147 9 5 5 8
221314: 22 13 17
8719: 6 3 938 47 230
2982391374749: 745 5 978 43 684 3 4
456497: 4 9 8 8 491 3
1230620: 9 4 9 651 3 737 4 4 4 92
11406528: 21 656 6 46 3
128198: 4 19 13 92 201
168881123806: 9 1 386 9 2 45 1 9 8 4 4 3
18916851: 6 3 3 168 54
666054453: 98 42 9 46 6 9 835
1894330: 201 9 85 3 30
1584: 55 1 7 632 567
412996516: 1 6 7 9 3 6 6 6 96 7 2 158
4510367136: 39 91 401 578 198 16
14916744089: 3 681 389 6 73 9
22447517860: 123 365 5 17 860
15291130: 509 36 3 103 2 8
1603: 76 4 762 3 70 5
657379416: 31 85 8 831 3 4 9 416
136139391: 6 8 5 43 59 3 16 2 7 7 4 3
246957404: 1 69 9 4 89 9 4 525 881
26697340169: 42 4 365 9 3 75 645 44
101669454: 81 18 52 447 66 3
4299008: 537 36 7 9 8
192319488: 443 223 64 4 4 282
149364251534: 7 2 6 8 51 2 513 88 2 8
3546785889: 613 39 8 913 654 1 9
1844736101: 7 78 5 2 6 66 7 2 2 5 3
6518900: 42 56 2 893 73
706: 7 6 6 651 7
61848: 37 178 287 75 68
4872: 63 1 6 6 7
659379: 3 202 48 67 99
15486: 5 92 4 87 8 67 3
1445: 75 9 8 2 224 9 527
16803311: 9 4 91 9 7 3 6 9 5 42 670
91828944: 8 10 776 8 9 744 18
329472363: 35 87 699 880 3 5 1 5
2066258: 9 8 1 5 81 13 2 36 2 2 1 5
19496332: 490 56 14 50 76 5 51 1
2433474: 9 83 5 6 6 721 6 3 2 6 9
374342: 8 462 47 4 3
986026811: 957 31 998 2 1 813
5604448548: 651 40 7 8 13 86 545 3
1371142030: 1 718 439 3 435 4 274
22399225: 8 947 6 6 69 25
5235988: 6 6 784 5 76 86 5 647
203584: 14 3 8 548 8 23 62 19
2964061: 4 95 78 6 1
11462: 6 9 1 7 521
83917: 8 329 5 97 522
28649: 876 71 738 17 6
6531: 6 7 9 2 734 134 39 2 7
780465233967: 10 78 4 6 5 233 970
2026065620: 404 641 572 5 620
373350043: 4 91 15 655 10 4
635778015: 908 1 802 11 338 17
4896447: 9 25 2 445 8 64 47
23962355: 411 2 1 44 58 3
1362860695975: 8 2 554 6 8 9 8 6 5 4 3 13
4749466425472: 474 946 642 5 47 2
28681667: 5 7 1 49 452 37 7
5531081: 8 2 1 5 52 354 4 8 1 3 4 6
480991: 52 75 1 91 966
4105493: 4 99 10 4 5 496
28173653: 1 557 86 7 587 588
787555: 4 5 2 9 4 4 4 26 1 7 576 1
27534575: 7 4 4 93 3 3 2 590 1 3 1 8